# max at MJD=56090
#  MJD        u                g              r              i              z         

56030.5    9999   0.00    9999   0.00    19.65  0.17    20.28  0.21    9999   0.00   
56031.5    9999   0.00    19.73  0.15    9999   0.00    9999   0.00    9999   0.00   
56042.5    9999   0.00    18.76  0.14    9999   0.00    9999   0.00    9999   0.00   
56045.5    9999   0.00    9999   0.00    9999   0.00    18.91  0.21    9999   0.00   
56046.5    9999   0.00    9999   0.00    18.50  0.17    9999   0.00    9999   0.00   
56070.38   16.86  0.06    9999   0.00    9999   0.00    9999   0.00    9999   0.00   
56071.13   9999   0.00    17.197 0.006   17.515 0.006   17.771 0.006   9999   0.00   
56072.92   9999   0.00    17.244 0.004   17.444 0.007   17.827 0.006   17.80  0.009  
56076.95   9999   0.00    16.991 0.01    17.268 0.01    17.606 0.006   17.65  0.043  
56077.80   16.71  0.06    9999   0.00    9999   0.00    9999   0.00    9999   0.00   
56080.94   9999   0.00    16.956 0.012   17.187 0.011   17.555 0.017   9999   0.00   
56081.94   9999   0.00    16.959 0.013   17.154 0.013   17.548 0.013   17.55  0.027  
56085.69   16.62  0.07    9999   0.00    9999   0.00    9999   0.00    9999   0.00   
56091.67   16.58  0.06    9999   0.00    9999   0.00    9999   0.00    9999   0.00   
56098.03   16.80  0.06    16.820 0.002   17.161 0.005   17.435 0.009   17.34  0.011  
56104.02   9999   0.00    17.030 0.004   17.255 0.003   17.465 0.007   17.35  0.01   
56106.06   16.99  0.08    9999   0.00    9999   0.00    9999   0.00    9999   0.00   
56107.44   17.00  0.09    9999   0.00    9999   0.00    9999   0.00    9999   0.00   
56112.68   17.32  0.08    9999   0.00    9999   0.00    9999   0.00    9999   0.00   
56116.01   9999   0.00    17.021 0.011   17.347 0.007   17.547 0.014   17.44  0.009  
56128.03   9999   0.00    9999   0.00    17.420 0.05    9999   0.00    9999   0.00   
56148.93   9999   0.00    17.659 0.01    17.724 0.007   17.812 0.011   17.65  0.036  
56160.92   9999   0.00    17.924 0.007   17.825 0.005   18.019 0.011   17.63  0.007  
56174.85   9999   0.00    18.184 0.013   17.957 0.008   18.155 0.011   17.85  0.015  
56191.86   9999   0.00    18.590 0.014   18.238 0.012   18.387 0.011   17.99  0.013  
56285.21   9999   0.00    20.083 0.06    19.298 0.02    19.522 0.11    19.02  0.2    
56287.63   9999   0.00    9999   0.00    19.332 0.09    19.534 0.1     19.18  0.11   
56312.15   9999   0.00    20.378 0.05    19.763 0.04    20.144 0.2     19.22  0.24   
56320.21   9999   0.00    20.690 0.1     19.836 0.05    19.783 0.14    19.33  0.12   



# JHK
#   MJD        J              H              K         
# 56074.89   16.82  0.053   16.58  0.070   16.28  0.079
# 56082.06   16.74  0.051   16.39  0.068   16.21  0.074
# 56089.03   16.62  0.049   16.35  0.066   16.12  0.072
# 56113.05   16.47  0.049   16.34  0.065   16.11  0.064
# 56118.04   16.54  0.053   9999   0.00    9999   0.00 
# 56141.25   16.68  0.104   9999   0.00    9999   0.00 
# 56145.03   9999   0.00    16.44  0.065   16.08  0.058
# 56177.04   16.73  0.047   16.48  0.064   16.16  0.057
# 56343.00   18.05  0.050   17.61  0.070   16.97  0.060
# 56374.04   18.20  0.054   17.72  0.071   17.13  0.062

# Swift
#   MJD       uvw2            uvm2             uvw1 
# 56070.38   18.83  0.08   18.29  0.07   17.81  0.07
# 56077.80   18.85  0.07   18.24  0.06   17.75  0.07
# 56085.69   18.87  0.08   18.36  0.08   17.87  0.08
# 56091.67   18.99  0.08   18.46  0.08   18.01  0.08
# 56098.52   19.27  0.08   18.76  0.08   18.19  0.08
# 56106.06   19.50  0.10   18.93  0.10   18.47  0.10
# 56107.44   19.48  0.10   18.90  0.10   18.46  0.10
# 56112.68   20.16  0.09   19.38  0.09   18.78  0.09