SN1986G    1.58 0.21   12.08 0.02   11.16 0.03                             0.0018   27.40 0.10
SN1989B    1.27 0.11   12.25 0.03   11.80 0.03   11.61 0.03    11.60 0.04  0.0024   29.73 0.04
SN1990N    0.94 0.21   12.67 0.02   12.70 0.02   12.67 0.01    12.91 0.02  0.0034   32.18 0.03
SN1990O    0.93 0.10   16.15 0.04   16.16 0.05   16.16 0.06    16.53 0.07  0.0303   35.72 0.04
SN1990T    1.09 0.10   17.19 0.05   17.10 0.05   17.09 0.03    17.32 0.03  0.0404   36.22 0.08
SN1990Y    0.90 0.11   17.65 0.10   17.32 0.08   17.21 0.08    17.54 0.09  0.0391   35.85 0.07
SN1990af   1.58 0.21   17.76 0.03   17.74 0.02                             0.0506   36.54 0.04
SN1991S    0.90 0.11   17.78 0.14   17.77 0.11   17.73 0.11    17.99 0.10  0.0546   37.18 0.12
SN1991T    1.00 0.10   11.62 0.01   11.46 0.01   11.42 0.01    11.62 0.01  0.0058   30.44 0.06
SN1991U    0.95 0.11   16.52 0.13   16.41 0.10   16.39 0.08    16.56 0.07  0.0317   35.51 0.09
SN1991ag   0.89 0.20   14.30 0.03   14.29 0.02   14.31 0.04    14.66 0.05  0.0141   33.75 0.08
SN1992A    1.43 0.10   12.52 0.01   12.53 0.01   12.51 0.01    12.81 0.01  0.0063   31.59 0.05
SN1992J    1.46 0.13   17.73 0.08   17.54 0.05                 17.86 0.06  0.0446   36.34 0.10
SN1992K    1.88 0.20   15.86 0.03   15.17 0.04                 14.92 0.05  0.0103   32.47 0.08
SN1992P    0.89 0.10   16.04 0.04   16.09 0.02                 16.39 0.05  0.0252   35.59 0.07
SN1992ae   1.20 0.11   18.43 0.07   18.47 0.05                             0.0752   37.69 0.21
SN1992ag   1.13 0.12   16.35 0.06   16.07 0.04                 16.42 0.07  0.0249   34.96 0.09
SN1992al   1.08 0.10   14.49 0.02   14.52 0.02   14.59 0.02    14.86 0.02  0.0146   33.97 0.04
SN1992aq   1.46 0.13   19.27 0.08   19.31 0.05                 19.78 0.08  0.1018   38.45 0.15
SN1992au   1.40 0.15   18.14 0.12   18.08 0.07                 18.58 0.06  0.0614   37.32 0.12
SN1992bc   0.85 0.20   15.08 0.01   15.17 0.01   15.19 0.01    15.59 0.01  0.0202   34.79 0.02
SN1992bg   1.08 0.10   16.69 0.05   16.72 0.04                 17.01 0.05  0.0352   36.02 0.10
SN1992bh   1.02 0.10   17.60 0.05   17.54 0.04                 17.79 0.04  0.0450   36.66 0.16
SN1992bk   1.46 0.22   18.17 0.09   18.18 0.06                 18.43 0.06  0.0581   37.20 0.10
SN1992bl   1.43 0.10   17.30 0.04   17.36 0.03                 17.70 0.04  0.0437   36.46 0.05
SN1992bo   1.72 0.20   15.76 0.02   15.76 0.02   15.70 0.02    16.00 0.02  0.0189   34.56 0.02
SN1992bp   1.33 0.10   18.27 0.04   18.35 0.03                 18.74 0.04  0.0793   37.55 0.05
SN1992br   1.88 0.20   19.59 0.11   19.37 0.06                             0.0882   38.09 0.08
SN1992bs   1.08 0.10   18.26 0.05   18.26 0.04                             0.0637   37.55 0.16
SN1993B    1.06 0.13   18.39 0.07   18.35 0.06                 18.62 0.06  0.0696   37.44 0.08
SN1993H    1.72 0.20   16.75 0.03   16.49 0.02   16.43 0.02    16.58 0.03  0.0239   34.96 0.04
SN1993O    1.20 0.11   17.60 0.04   17.66 0.02                 18.03 0.03  0.0510   36.99 0.06
SN1993ac   1.06 0.13   17.77 0.09   17.77 0.09   17.59 0.08    17.81 0.09  0.0493   36.76 0.15
SN1993ae   1.43 0.10   15.32 0.03   15.37 0.03   15.40 0.03    15.63 0.02  0.0190   34.47 0.03
SN1993ag   1.20 0.10   17.79 0.03   17.65 0.02                 17.86 0.03  0.0490   36.89 0.11
SN1993ah   1.20 0.10   16.37 0.08   16.32 0.05                 16.69 0.04  0.0297   35.57 0.09
SN1994D    1.20 0.10   11.85 0.01   11.84 0.01   11.85 0.01    12.17 0.01  0.0015   31.10 0.07
SN1994M    1.32 0.11   16.33 0.03   16.21 0.03   16.14 0.03    16.33 0.03  0.0230   34.99 0.06
SN1994Q    0.90 0.11   16.36 0.12   16.32 0.10   16.23 0.10    16.61 0.09  0.0290   35.64 0.10
SN1994S    0.98 0.10   14.75 0.03   14.79 0.02   14.86 0.03    15.16 0.02  0.0151   34.36 0.03
SN1994T    1.46 0.22   17.20 0.14   17.15 0.09   17.00 0.08    17.39 0.10  0.0347   35.89 0.13
SN1994ae   0.93 0.10   13.05 0.01   13.01 0.01   12.94 0.01    13.31 0.02  0.0043   32.33 0.08
SN1995D    1.02 0.10   13.18 0.02   13.24 0.02   13.25 0.02    13.59 0.02  0.0065   32.73 0.07
SN1995E    1.11 0.10   16.68 0.03   15.96 0.03   15.50 0.03    15.33 0.03  0.0116   32.89 0.07
SN1995ac   1.00 0.10   17.10 0.02   17.15 0.02   17.14 0.02    17.24 0.03  0.0500   36.65 0.06
SN1995ak   1.33 0.10   15.92 0.05   15.93 0.04   15.77 0.03    15.97 0.04  0.0230   34.65 0.07
SN1995al   0.79 0.20   13.30 0.01   13.26 0.02   13.22 0.02    13.48 0.02  0.0051   32.68 0.14
SN1995bd   0.88 0.20   15.20 0.02   14.94 0.01   14.82 0.02    15.06 0.02  0.0160   33.98 0.10
SN1996C    0.89 0.20   16.47 0.04   16.41 0.04   16.35 0.05    16.66 0.05  0.0296   35.62 0.06
SN1996X    1.33 0.10   12.98 0.02   13.00 0.02   13.01 0.02    13.32 0.02  0.0068   32.19 0.07
SN1996Z    1.11 0.15   14.27 0.12   13.91 0.09   13.82 0.11                0.0076   32.45 0.14
SN1996ag   1.26 0.18   19.89 0.09   19.48 0.23   19.82 0.10    20.39 0.21  0.140    39.27 0.14
SN1996ai   0.79 0.20   16.86 0.02   15.25 0.02   14.44 0.02    14.00 0.02  0.0032   30.15 0.09
SN1996aj   1.26 0.18   19.77 0.17   19.42 0.22   19.07 0.12    19.77 0.25  0.110    37.66 0.43
SN1996am   0.90 0.11   18.54 0.05   18.28 0.04   18.38 0.04    18.61 0.08  0.0650   37.55 0.12
SN1996ao   0.90 0.11   18.62 0.21   18.26 0.14   18.16 0.14    17.80 0.21  0.0580   36.91 0.28
SN1996bk   1.88 0.20   15.29 0.04   14.50 0.04   14.22 0.04    14.34 0.04  0.0068   31.88 0.09
SN1996bl   1.08 0.10   16.65 0.03   16.60 0.02   16.62 0.02    16.87 0.03  0.0360   35.85 0.07
SN1996bo   1.30 0.10   15.83 0.02   15.51 0.02   15.24 0.02    15.53 0.02  0.0173   33.75 0.03
SN1996bv   0.90 0.20   15.27 0.08   15.10 0.07   14.96 0.08    15.12 0.08  0.0167   33.77 0.06
SN1996bx   1.46 0.22   18.05 0.36   19.27 0.32   18.35 0.15    20.81 0.63  0.0580   37.04 0.62
SN1997by   1.43 0.10   17.28 0.05   17.26 0.03   17.29 0.03    17.39 0.06  0.0450   36.24 0.09
SN1997bz   1.04 0.22                18.73 0.07   18.11 0.07    18.19 0.49  0.0300   35.21 0.54
SN1997cp   1.34 0.21   19.69 0.54                19.53 0.49                0.160    39.69 0.45
SN1997cu   1.54 0.23                18.13 0.16   18.08 0.16                0.0620   37.07 0.14
SN1997dr   1.88 0.20   18.56 0.20   18.81 0.11   18.64 0.08    18.76 0.27  0.0750   37.35 0.09
SN1997fb   1.06 0.13   18.38 0.14   18.25 0.13   18.11 0.07    18.30 0.14  0.0530   36.92 0.14
SN1997fc   0.94 0.11   17.47 0.08   17.59 0.05   17.55 0.04    17.75 0.08  0.0540   36.99 0.08
SN1997fd   1.26 0.25   20.45 0.16                20.84 0.17                0.190    40.31 0.27
SN1998Z    1.06 0.22                17.65 0.16   17.51 0.14                0.0380   37.16 0.39
SN1998br   1.26 0.18   18.87 0.08                18.70 0.07                0.0810   37.96 0.26
SN1998bu   1.08 0.10   12.10 0.01   11.79 0.01   11.63 0.01    11.66 0.01  0.0025   30.05 0.05
SN1998cm   0.90 0.20   18.51 0.10                18.36 0.06                0.0800   37.75 0.24
SN1998do   1.34 0.21   18.57 0.21                18.90 0.19                0.0920   38.18 0.30
SN1998dv   1.34 0.21   19.71 0.32                19.67 0.28                0.155    39.27 0.59
SN1998dw   1.27 0.11                17.17 0.29   17.04 0.32                0.0490   36.91 0.18
SN1998dz   1.01 0.10   18.79 0.07   18.90 0.12   18.82 0.06    19.06 0.18  0.0910   38.11 0.14
SN1998ea   1.06 0.13   19.87 0.55   17.82 0.07   18.15 0.07    19.71 0.80  0.0570   37.01 0.17
SN1998fb   1.34 0.27                17.61 0.38   17.99 0.21                0.0597   37.18 0.23
SN1999ao   0.90 0.11   17.78 0.05   17.83 0.05   17.77 0.04    18.15 0.06  0.0550   37.00 0.08
