2450297.88                                                                           328.65     9.50   383.58    10.58 
2450310.25    64.78     1.27   191.83     2.15                     403.93     6.41 
2450312.85                                                                           120.51     6.21   295.29    10.61 
2450327.79                                                                            60.93     8.93   109.48    22.16 
2450348.83                                                                            39.79     8.06                   
2450360.65                                                                                              48.73     7.13 
2450366.63                                                                            30.52     5.69    57.30    11.13 
2450369.23     8.36     1.85    25.80     3.96                                     
2450370.24                                                          30.25     9.75 
2450395.73                                                                            27.59     3.96    30.65     7.35 
2450396.60                                                                            19.36     6.66                   
