2450360.66                                                                                               5.18     5.97 
2450405.68                                                                           204.19     7.31   346.12     8.96 
2450407.60                                                                           135.03     9.35   332.40    10.12 
2450417.56                                                                           110.94     4.13   210.86     6.30 
2450420.61                                                                            44.83     4.20   181.80     8.37 
2450426.11    42.22     2.41    31.93     2.00   166.95     6.69    38.50     9.79 
2450426.55                                                                            27.57     4.64   127.94     8.47 
2450432.54                                                                                              68.41     9.15 
2450438.58                                                                            18.04    10.50                   
2450461.04    37.03     3.13    32.08     1.71    38.27     4.38    33.41     9.90 
