2450543.77                                                                             7.56     6.09    29.68    17.58 
2450564.52                                                                           532.49    11.30   616.59    16.60 
2450572.63                     993.28    11.68  1168.13     9.37   915.83    17.67 
2450574.80   931.93     7.41  1004.91    11.70  1158.53    11.46   843.68    21.45 
2450576.57                                                                           994.44     6.66  1104.35    10.78 
2450588.56   194.84     7.21   495.11     8.49   681.82     6.41   711.77    15.21 
2450597.69                                                                           211.68    10.50   423.28    13.76 
2450609.97    47.42     3.69   138.64     4.01   216.90     4.57   261.04    11.48 
2450603.58                                                                           150.52     7.60   295.19     7.78 
2450635.63    31.59     2.92    83.93     3.60    81.81     4.58   114.91     9.82 
2450636.52                                                                            80.75     8.45    85.92    11.37 
2450648.51                                                                            69.76     9.64    53.10     8.86 
2450652.56    28.05     2.84    60.45     3.24                      59.09    11.37 
2450670.97                      42.76     4.65                      15.01    13.95 
