2450561.79                                                                            31.06    87.98                   
2450600.83                                                                            62.22     4.29    25.45    11.36 
2450606.80                                                                            50.37     3.75    42.15     9.32 
2450610.18    60.27     1.83    55.62     2.13    46.67     2.66                   
2450633.88                                                                            33.17     5.09                   
2450642.87                                                                            43.86     8.79                   
2450643.93    51.34     6.02    56.21     2.05                      82.19     6.46 
2450652.68    50.79     1.89    37.46     2.89                                     
2450657.78                                                                            29.35     4.63    16.29    12.14 
2450669.78                                                                            26.28     4.10                   
2450670.14                      42.46     3.18    44.01     6.72                   
2450671.15                      26.68     2.23                                     
2450672.71    49.83     2.62    29.64     2.06                                     
2450698.91    31.89     3.04    38.83     2.10                                     
2450699.91    31.65     1.96    27.26     2.67                                     
