2450810.62                                                                                              52.16    71.77 
2450813.65                                                                            72.92     6.68    59.29     9.38 
2450825.55                                                                           726.23    14.56   764.67    14.44 
2450834.64                                                                                             911.39     7.59 
2450845.06   473.24     2.78   642.76     4.59   631.78     6.11   464.38    10.60 
2450862.59                                                                           212.33     6.18   448.09     8.80 
2450864.02    91.23     1.58   249.16     5.10   449.61     4.23   500.00     6.90 
2450870.58                                                                           140.71     5.82   336.66     9.41 
2450888.52                                                                            72.84     7.35   158.88     9.63 
2450904.95                                        84.15     5.51   101.62     7.49 
2450916.55                                                                            17.42    12.63                   
2450905.93    29.38     2.56    86.28     2.72   109.23     2.93    94.29     2.98 
