2450648.47                                                                                              21.40    10.64 
2450840.81                                                                            77.46     4.61    77.85     6.83 
2450848.78                                                                           102.31     5.14   122.24     7.27 
2450851.87                                                         136.73     7.25 
2450863.68    43.07     2.07    90.89     2.77   136.62     3.81   162.21     6.42 
2450867.85                                                                            68.53     6.70   120.34     5.27 
2450869.77                                                                            59.94     6.02                   
2450882.79                                                                            45.62     6.28   113.94     6.23 
2450905.22                                        60.74     4.44                   
2450906.04                      25.29     7.01    65.25     3.89    99.86     6.13 
2450909.76                                                                            13.01     6.76    70.81    11.70 
2450921.73                                                                                              55.03     8.55 
2450951.63                                                                                              45.89    11.42 
