2450648.49                                                                             1.04     8.68                   
2450840.80                                                                           142.70     5.03   147.42     6.75 
2450844.79                                                                           309.66     6.91   314.48     7.37 
2450851.83   254.23    11.91   278.63     4.84   310.39     3.58   356.67     9.39 
2450861.88   166.54    11.13   225.90     7.44   237.56     5.47   319.69    11.97 
2450862.83   181.09     3.95   210.14     4.52   230.11     2.59   287.76     9.81 
2450864.14   158.61     2.98   191.65     4.12   247.37     2.89   333.82     6.73 
2450867.83                                                                           175.02     7.46   239.52     7.65 
2450869.79                     174.39     3.64   222.73     2.87   275.09     8.93 
2450881.75                     144.05     7.85   212.84     2.94   250.90     8.21 
2450882.80                                                                           152.78     5.95   220.07     6.09 
2450905.16    51.69     1.68   116.46     3.47   153.90     3.01   195.52     7.38 
2450909.79                                                                           111.32     6.86   206.01     7.98 
2450921.74                                                                           101.25     6.51   177.43     4.83 
2450933.68                                                                            77.62     5.87   146.84     6.08 
2450951.57                                                                            65.12     7.05   120.41    10.57 
2450974.55                                                                            54.83    24.50    86.72    42.11 
