Title: Towards Characterization of the Type IIp Supernova Progenitor 
       Population: A Statistical Sample of Light Curves from Pan-STARRS1 
Authors: Sanders N.E., Soderberg A.M., Gezari S., Betancourt M., Chornock R., 
         Berger E., Foley R.J., Challis P., Drout M., Kirshner R.P., Lunnan R.,
         Marion G.H., Margutti R., McKinnon R., Milisavljevic D., Narayan G., 
         Rest A., Kankare E., Mattila S., Smartt S.J., Huber M.E., Burgett W.S.,
         Draper P.W., Hodapp K.W., Kaiser N., Kudritzki R.P., Magnier E.A., 
         Metcalfe N., Morgan J.S., Price P.A., Tonry J.L., Wainscoat R.J., 
         Waters C. 
Table: Pan-STARRS1 Type IIP SN Sample
================================================================================
Byte-by-byte Description of file: apj506838t1_mrt.txt
--------------------------------------------------------------------------------
   Bytes Format Units  Label  Explanations
--------------------------------------------------------------------------------
   1-  9 A9     ---    SN     PS1 transient designation (1)
  11- 12 I2     ---    Field  PS1 Medium Deep Field where transitent discovered
  14- 15 I2     h      RAh    Hour of Right Ascension (J2000) 
  17- 18 I2     min    RAm    Minute of Right Ascension (J2000) 
  20- 25 F6.3   s      RAs    Second of Right Ascension (J2000) 
  27- 27 A1     ---    DE-    Sign of the Declination (J2000)
  28- 29 I2     deg    DEd    Degree of Declination (J2000) 
  31- 32 I2     arcmin DEm    Arcminute of Declination (J2000) 
  34- 38 F5.2   arcsec DEs    Arcsecond of Declination (J2000) 
  40- 44 I5     d      MJD    Modified Julian Date of discovery
  46- 50 F5.3   ---    z      Redshift from follow-up spectroscopy
  52- 53 I2     ---    Ng     Number of PS1 g band observations 
  55- 56 I2     ---    Nr     Number of PS1 r band observations
  58- 59 I2     ---    Ni     Number of PS1 i band observations
  61- 62 I2     ---    Nz     Number of PS1 z band observations
  64- 65 I2     ---    Ny     Number of PS1 y band observations
--------------------------------------------------------------------------------
Note (1): This table includes only SNe classified as SNe IIP by the 
          criteria of Section 3.4.
--------------------------------------------------------------------------------
PS1-10a  ,02,03 29 48.735,-29 04 29.91,55207,0.071, 2, 2, 5, 4, 0 
PS1-10b  ,03,08 37 02.587,+43 44 16.85,55207,0.260, 4, 4, 5, 0, 0 
PS1-10q  ,06,12 19 37.533,+46 01 56.03,55212,0.057,15,17,16,13, 0 
PS1-10t  ,04,09 55 30.959,+01 29 01.18,55214,0.093,11,11,11,11, 0 
PS1-10ae ,04,10 02 09.742,+01 14 00.93,55242,0.086, 4, 5, 8, 6, 0 
PS1-10jr ,07,14 07 33.470,+52 38 17.87,55362,0.333, 2, 4, 3, 0, 0 
PS1-10lv ,09,22 13 00.969,+00 46 24.49,55389,0.127,10,21,22,23, 0 
PS1-10mb ,08,16 11 44.435,+56 05 08.39,55389,0.064, 2,12,13,10, 0 
PS1-10zu ,01,02 18 54.489,-04 14 42.96,55407,0.059,11,18,21,24, 0 
PS1-10abd,01,02 20 04.175,-03 30 46.10,55414,0.132, 5,15,18,16, 0 
PS1-10agh,01,02 21 04.532,-03 06 14.81,55428,0.141, 8,12,14,18, 0 
PS1-10awc,02,03 30 12.902,-28 38 22.19,55467,0.123, 8,11,12,15, 0 
PS1-10biu,09,22 14 20.250,-00 19 00.10,55499,0.184, 2, 3, 5, 2, 0 
PS1-10blk,01,02 22 51.457,-03 24 18.58,55510,0.074, 7, 6, 9, 5, 0 
PS1-11u  ,05,10 41 11.486,+58 14 11.61,55566,0.040, 7, 8, 7, 5, 0 
PS1-11z  ,04,10 03 16.250,+03 23 54.14,55566,0.105, 8, 9,11, 7, 0 
PS1-11ai ,04,09 56 42.562,+00 55 47.69,55567,0.092, 3, 6, 7, 5, 0 
PS1-11ak ,02,03 33 29.222,-28 45 26.54,55568,0.120, 0, 1, 2, 1, 0 
PS1-11bl ,05,10 49 31.565,+56 43 05.92,55572,0.150, 4,10,15, 8, 0 
PS1-11bo ,04,09 56 45.045,+00 58 08.29,55576,0.093, 8,12,10,10, 0 
PS1-11fl ,07,14 05 19.148,+53 07 24.25,55597,0.096, 5, 9,14, 8, 0 
PS1-11jg ,06,12 21 42.116,+47 23 00.01,55597,0.082, 0, 1,12, 1, 0 
PS1-11kf ,08,16 09 05.620,+54 07 19.71,55602,0.210, 1, 3, 4, 2, 0 
PS1-11li ,06,12 16 14.114,+46 20 45.99,55605,0.068, 4,11, 0, 9, 0 
PS1-11lj ,06,12 16 56.601,+46 18 56.29,55605,0.070,12,14,16,14, 0 
PS1-11lr ,03,08 37 58.889,+43 48 22.28,55615,0.055, 4, 4, 7, 5, 0 
PS1-11lq ,04,09 57 11.372,+02 32 40.35,55615,0.101, 8, 9, 7, 5, 0 
PS1-11md ,03,08 41 11.752,+43 22 51.45,55633,0.145, 4, 4, 6, 4, 0 
PS1-11pf ,07,14 18 29.828,+53 43 31.79,55636,0.148, 4, 9,19, 7, 0 
PS1-11qe ,07,14 19 13.704,+54 09 15.03,55648,0.191, 7, 9,18, 8, 0 
PS1-11si ,05,10 43 40.661,+58 02 38.18,55666,0.133, 0, 2, 5, 2, 0 
PS1-11sm ,07,14 20 18.612,+53 59 28.70,55666,0.209, 4, 4, 9, 2, 0 
PS1-11ua ,08,16 12 00.684,+54 41 31.66,55675,0.236, 2, 3, 7, 1, 0 
PS1-11uv ,05,10 48 48.970,+57 47 35.99,55675,0.073, 6, 5, 7, 7, 0 
PS1-11vn ,07,14 19 17.217,+53 45 07.20,55675,0.168, 3, 5,12, 2, 0 
PS1-11wj ,04,10 00 49.340,+02 52 46.68,55675,0.077, 3, 3, 3, 2, 0 
PS1-11yh ,07,14 11 11.466,+51 59 12.63,55705,0.146, 4, 8,13, 8, 0 
PS1-11amh,09,22 11 47.815,+01 09 00.95,55795,0.077,11, 9, 4, 6, 5 
PS1-11amv,08,16 12 40.632,+56 11 18.38,55803,0.052, 1, 1, 3, 2, 3 
PS1-11anm,10,23 29 26.246,-01 51 18.09,55775,0.061, 3,20,29,20, 5 
PS1-11aof,10,23 25 59.575,-00 30 55.16,55792,0.095,30,36,37,29,14 
PS1-11apd,10,23 28 56.422,-01 05 18.45,55800,0.043,25,26,23,30,13 
PS1-11asz,02,03 34 46.879,-29 12 32.51,55831,0.103,11,13,22,21, 6 
PS1-11awd,02,03 34 37.528,-27 04 31.47,55852,0.068, 9, 3,14,11,13 
PS1-11azd,10,23 31 47.673,-01 25 51.41,55883,0.059, 5, 9, 0,11, 3 
PS1-11azi,02,03 37 45.601,-28 14 25.71,55883,0.180, 4, 4, 9,11, 7 
PS1-11azt,01,02 27 34.018,-03 50 34.07,55883,0.175, 4, 4, 9, 8, 0 
PS1-11azv,03,08 39 58.993,+45 11 36.90,55883,0.145, 7,12,18,24, 6 
PS1-11bbg,03,08 49 51.815,+44 41 17.26,55893,0.132, 4,15,17,24, 8 
PS1-12c  ,05,10 36 06.755,+57 47 01.85,55911,0.040, 6,13,23,30, 4 
PS1-12d  ,05,10 39 55.485,+58 49 27.53,55911,0.123,11,16,18,30, 9 
PS1-12y  ,04,09 58 01.639,+00 43 14.16,55941,0.093, 8, 8,14,10, 6 
PS1-12bt ,04,10 05 16.844,+01 40 39.57,55948,0.042, 8,11,15,13, 5 
PS1-12rk ,06,12 25 55.129,+47 36 06.38,56000,0.079,11,10,23,25, 6 
PS1-12wn ,04,09 59 11.437,+01 08 38.27,56013,0.107, 4, 6,12,15, 2 
PS1-12zd ,04,09 56 48.772,+01 01 45.56,56029,0.104, 5, 5,13, 7, 2 
PS1-12zp ,06,12 14 45.637,+48 19 13.49,56029,0.101, 8, 6, 9, 9, 2 
PS1-12auw,08,16 15 35.435,+56 11 26.92,56091,0.096, 3, 3, 6, 4, 7 
PS1-12bku,09,22 16 40.194,-01 08 24.35,56166,0.096, 7,11,15,11, 8 
PS1-12bmp,02,03 29 28.318,-28 42 15.61,56207,0.070,10,12,18,23,21 
PS1-12blz,01,02 21 10.849,-05 27 22.91,56210,0.086, 9,12,16,24,13 
PS1-12boi,09,22 22 40.280,-00 07 21.02,56210,0.145, 4, 6, 8, 6, 1 
PS1-12bza,03,08 36 23.991,+43 38 26.14,56235,0.109, 9,13,26,26,19 
PS1-12cey,01,02 21 27.462,-03 18 56.45,56240,0.140, 3, 5, 9,13, 4 
PS1-13hp ,04,10 04 16.974,+02 35 50.61,56326,0.149,11,12,19,20, 5 
PS1-13vs ,04,09 57 24.212,+03 34 46.75,56353,0.079, 6, 7,17,17, 6 
PS1-13wr ,07,14 15 57.954,+52 03 10.57,56385,0.077,10,16,27,29,27 
PS1-13alz,04,09 57 52.631,+01 52 21.07,56399,0.098, 1, 1, 7, 5, 5 
PS1-13arp,06,12 18 25.108,+46 37 01.30,56408,0.167, 6, 9,14,12, 0 
PS1-13ave,07,14 08 52.904,+53 15 25.98,56417,0.185,13,12,21,24,16 
PS1-13atm,04,09 59 16.605,+03 18 28.43,56417,0.240, 1, 1, 5, 5, 1 
PS1-13bvb,09,22 18 54.478,+01 41 32.70,56478,0.113, 8,11,14,20, 9 
PS1-13cqb,10,23 23 35.356,-00 20 33.23,56513,0.097, 4, 9,16,26, 6 
PS1-13cua,01,02 24 04.137,-04 21 25.21,56564,0.095,13,16,17,20, 7 
PS1-13eck,04,09 54 25.733,+02 19 30.73,56624,0.121, 3, 4, 8,11, 9 
PS1-13esn,04,09 57 23.048,+02 31 09.22,56659,0.130, 3, 2, 7, 3, 0 
